9.999998807907104492e-01 8.665727335710471380e-08
9.999998807907104492e-01 9.694053204611918773e-08
9.999998807907104492e-01 8.352573388492601225e-08
9.999998807907104492e-01 9.838339565249043517e-08
9.999998807907104492e-01 1.083396625745081110e-07
9.999998807907104492e-01 1.081914007272644085e-07
9.999998807907104492e-01 7.375339095005983836e-08
9.999998807907104492e-01 1.128685624962599832e-07
9.999998807907104492e-01 9.003645118355052546e-08
1.000000000000000000e+00 5.601421193546229915e-08
9.999998807907104492e-01 8.750451030437034206e-08
1.000000000000000000e+00 5.519535406506292929e-08
9.999998807907104492e-01 7.443087213232502108e-08
9.999998807907104492e-01 8.536520823554383242e-08
1.000000000000000000e+00 5.671060065992605814e-08
9.999998807907104492e-01 6.964979348822453176e-08
9.999998807907104492e-01 7.509437693897780264e-08
9.999998807907104492e-01 6.118453654835320776e-08
9.999998807907104492e-01 6.947068698082148330e-08
1.000000000000000000e+00 4.782776485967588087e-08
9.999998807907104492e-01 9.065473705049953423e-08
9.999998807907104492e-01 1.229587240914042923e-07
9.999998807907104492e-01 7.162044113329102402e-08
9.999998807907104492e-01 7.963060966176271904e-08
9.999998807907104492e-01 9.328086747473207652e-08
9.999998807907104492e-01 7.873817509107539081e-08
9.999998807907104492e-01 6.485590375859828782e-08
9.999998807907104492e-01 7.948933244961153832e-08
9.999998807907104492e-01 6.774294547540193889e-08
9.999998807907104492e-01 7.807522450775650213e-08
9.999998807907104492e-01 1.553237041207466973e-07
9.999998807907104492e-01 1.566992011703405296e-07
9.999998807907104492e-01 1.434156331470148871e-07
9.999997615814208984e-01 2.428513994345848914e-07
9.999996423721313477e-01 3.155583954139729030e-07
9.999998807907104492e-01 1.449239022122128517e-07
9.999998807907104492e-01 1.320327527309927973e-07
9.999998807907104492e-01 1.067318535774575139e-07
9.999998807907104492e-01 1.029808984753799450e-07
9.999998807907104492e-01 1.031202572221445735e-07
9.999998807907104492e-01 1.160648963605126482e-07
9.999997615814208984e-01 2.085415786723388010e-07
1.000000000000000000e+00 5.198908681336433801e-08
1.000000000000000000e+00 4.499160155546633177e-08
1.000000000000000000e+00 4.097078587506075564e-08
9.999998807907104492e-01 7.321210659938515164e-08
1.000000000000000000e+00 5.558392146554069768e-08
1.000000000000000000e+00 4.316883561727991037e-08
1.000000000000000000e+00 4.881799497979955049e-08
9.999998807907104492e-01 7.760664999523214647e-08
1.000000000000000000e+00 4.090589911243114329e-08
9.999998807907104492e-01 6.682600428575824481e-08
1.000000000000000000e+00 5.811273595668353664e-08
1.000000000000000000e+00 5.751946119403328339e-08
9.999998807907104492e-01 7.701446946839496377e-08
9.999998807907104492e-01 7.487540898409861256e-08
9.999998807907104492e-01 8.538507501043568482e-08
9.999998807907104492e-01 9.684683988098186092e-08
9.999998807907104492e-01 6.556309983807295794e-08
9.999998807907104492e-01 6.675809771650165203e-08
1.000000000000000000e+00 3.906478340809371730e-08
1.000000000000000000e+00 5.831148186530299427e-08
1.000000000000000000e+00 5.725501139863808930e-08
1.000000000000000000e+00 5.069495045972871594e-08
1.000000000000000000e+00 5.393588509150504251e-08
1.000000000000000000e+00 4.836146771936000732e-08
1.000000000000000000e+00 4.366462036387019907e-08
1.000000000000000000e+00 4.907378681195950776e-08
9.999998807907104492e-01 1.053619058666299679e-07
9.999998807907104492e-01 8.696110143091573264e-08
9.999998807907104492e-01 6.409835151544029941e-08
9.999998807907104492e-01 7.935663148828098201e-08
1.000000000000000000e+00 5.777410549967498810e-08
9.999998807907104492e-01 8.417184460540738655e-08
9.999998807907104492e-01 6.193623391936853295e-08
9.999998807907104492e-01 9.623990138152294094e-08
1.000000000000000000e+00 5.191704843809930026e-08
9.999998807907104492e-01 7.258253731379227247e-08
9.999998807907104492e-01 7.430859483292806544e-08
1.000000000000000000e+00 5.583979856282894616e-08
1.000000000000000000e+00 5.273673053807215183e-08
1.000000000000000000e+00 5.162495853028303827e-08
9.999998807907104492e-01 8.998220835110259941e-08
1.000000000000000000e+00 4.948264731297058461e-08
9.999998807907104492e-01 8.221808656116991187e-08
9.999998807907104492e-01 9.747171958451872342e-08
9.999998807907104492e-01 6.597530699536946486e-08
9.999998807907104492e-01 8.101646642444393365e-08
9.999998807907104492e-01 8.526545514087047195e-08
9.999998807907104492e-01 6.302196453589203884e-08
1.000000000000000000e+00 5.177138717726847972e-08
1.000000000000000000e+00 5.201497543794175726e-08
9.999998807907104492e-01 7.734892903954460053e-08
1.000000000000000000e+00 5.564714200545495260e-08
1.000000000000000000e+00 4.958004851118857914e-08
9.999998807907104492e-01 6.415142905780157889e-08
9.999998807907104492e-01 8.874157231275603408e-08
1.000000000000000000e+00 5.861388885364249290e-08
9.999998807907104492e-01 1.095929036409870605e-07
1.000000000000000000e+00 5.524706736537154939e-08
9.999998807907104492e-01 1.463307484073084197e-07
1.000000000000000000e+00 4.529900365923822392e-08
9.999998807907104492e-01 6.598109791866590967e-08
9.999998807907104492e-01 7.804782597986559267e-08
9.999998807907104492e-01 7.812885627345167450e-08
1.000000000000000000e+00 5.209152220686519286e-08
9.999998807907104492e-01 6.890797976666362956e-08
1.000000000000000000e+00 4.723603908018958464e-08
1.000000000000000000e+00 5.760882970662350999e-08
9.999998807907104492e-01 8.097290304931448190e-08
9.999998807907104492e-01 1.118420769330441544e-07
9.999998807907104492e-01 7.593740747324773110e-08
9.999998807907104492e-01 6.379221417773806024e-08
1.000000000000000000e+00 5.492231025527871680e-08
9.999998807907104492e-01 1.044642417014074454e-07
9.999998807907104492e-01 1.244127503241543309e-07
9.999998807907104492e-01 7.382615763162903022e-08
9.999998807907104492e-01 9.689524205214183894e-08
9.999998807907104492e-01 1.322802916092769010e-07
9.999998807907104492e-01 8.210635371597163612e-08
9.999998807907104492e-01 9.422161184602373396e-08
9.999998807907104492e-01 1.031444512022972049e-07
9.999998807907104492e-01 8.699361586650411482e-08
9.999998807907104492e-01 1.509242508745956002e-07
9.999998807907104492e-01 7.197924389856780181e-08
9.999998807907104492e-01 9.293651714870065916e-08
9.999998807907104492e-01 1.150178903230880678e-07
9.999998807907104492e-01 8.195551970402448205e-08
1.000000000000000000e+00 5.678897352368039719e-08
9.999998807907104492e-01 1.156523268264209037e-07
9.999998807907104492e-01 1.549616541751674959e-07
9.999998807907104492e-01 7.121450806835127878e-08
9.999998807907104492e-01 1.016263340147816052e-07
9.999998807907104492e-01 1.036839165635683457e-07
1.000000000000000000e+00 4.255366903294088843e-08
9.999998807907104492e-01 6.131000418463372625e-08
9.999998807907104492e-01 9.004126155787162133e-08
9.999998807907104492e-01 1.669900626666276366e-07
9.999998807907104492e-01 8.636635584480245598e-08
9.999997615814208984e-01 2.099660179055717890e-07
9.999997615814208984e-01 1.943609788668254623e-07
9.999998807907104492e-01 1.618597309516189853e-07
9.999998807907104492e-01 7.961542536349952570e-08
9.999997615814208984e-01 2.080072789567566360e-07
9.999998807907104492e-01 1.002230405333648378e-07
9.999998807907104492e-01 1.446197472887433833e-07
9.999998807907104492e-01 1.529609932049424970e-07
9.999998807907104492e-01 8.145543262116916594e-08
9.999998807907104492e-01 6.185501177924379590e-08
9.999998807907104492e-01 6.938990537719291751e-08
9.999998807907104492e-01 1.325257557027725852e-07
9.999997615814208984e-01 2.572631103703315603e-07
9.999997615814208984e-01 2.389659812251920812e-07
9.999998807907104492e-01 8.652332184055921971e-08
9.999997615814208984e-01 2.198591602109445375e-07
9.999998807907104492e-01 7.119061251614766661e-08
9.999998807907104492e-01 1.277873593608092051e-07
9.999998807907104492e-01 9.572181625117082149e-08
9.999998807907104492e-01 8.629226755374475033e-08
9.999998807907104492e-01 1.409099610327757546e-07
9.999998807907104492e-01 1.669617262223255238e-07
9.999996423721313477e-01 3.434140012359421235e-07
9.999997615814208984e-01 1.872284229875731398e-07
9.999996423721313477e-01 3.689184779887000332e-07
9.999998807907104492e-01 9.317470528458215995e-08
9.999998807907104492e-01 9.295637681816515396e-08
1.000000000000000000e+00 5.706639427671689191e-08
9.999998807907104492e-01 9.189373173512649373e-08
1.000000000000000000e+00 5.677434700146477553e-08
9.999998807907104492e-01 1.084025029740587343e-07
9.999998807907104492e-01 1.149033224123741093e-07
1.000000000000000000e+00 5.566710115090245381e-08
9.999998807907104492e-01 8.647712945730745560e-08
9.999998807907104492e-01 8.703460707693011500e-08
9.999998807907104492e-01 7.573605387278803391e-08
9.999998807907104492e-01 9.518854682255550870e-08
9.999998807907104492e-01 7.597159168426514952e-08
9.999998807907104492e-01 8.706184217999179964e-08
9.999998807907104492e-01 7.605467544635757804e-08
9.999998807907104492e-01 8.004206364375932026e-08
9.999997615814208984e-01 1.809210914416325977e-07
9.999998807907104492e-01 1.581322663923856453e-07
1.000000000000000000e+00 5.662791835447933408e-08
9.999998807907104492e-01 6.653589679217475350e-08
9.999997615814208984e-01 2.086921710997557966e-07
9.999998807907104492e-01 1.338265462891286006e-07
9.999998807907104492e-01 1.454753117968721199e-07
9.999998807907104492e-01 1.335728114781886688e-07
9.999998807907104492e-01 1.640487425902392715e-07
9.999997615814208984e-01 2.953406408323644428e-07
9.999997615814208984e-01 1.962428939350502333e-07
9.999996423721313477e-01 3.125263674519374035e-07
9.999997615814208984e-01 2.435244539356062887e-07
9.999997615814208984e-01 2.507008787233644398e-07
9.999997615814208984e-01 2.171150299545843154e-07
9.999997615814208984e-01 1.876803565892259940e-07
9.999997615814208984e-01 2.428847380997467553e-07
9.999997615814208984e-01 1.831985230182908708e-07
9.999998807907104492e-01 1.585960660577256931e-07
9.999998807907104492e-01 1.147520904964949295e-07
9.999997615814208984e-01 1.893608185810080613e-07
9.999997615814208984e-01 1.853569386867093272e-07
9.999997615814208984e-01 2.069524356329566217e-07
9.999998807907104492e-01 1.757315999384445604e-07
9.999997615814208984e-01 1.842931851570028812e-07
9.999998807907104492e-01 9.464579164841779857e-08
9.999998807907104492e-01 6.862310186761533259e-08
9.999998807907104492e-01 1.215746721072719083e-07
9.999998807907104492e-01 6.101043936723726802e-08
9.999996423721313477e-01 3.131600578853976913e-07
9.999997615814208984e-01 2.594960619717312511e-07
9.999997615814208984e-01 2.644173946464434266e-07
9.999997615814208984e-01 2.088377186737488955e-07
9.999997615814208984e-01 2.665435943072225200e-07
9.999997615814208984e-01 2.206232778689809493e-07
9.999997615814208984e-01 2.446748794682207517e-07
9.999997615814208984e-01 1.915801561835905886e-07
9.999997615814208984e-01 2.579332942787004868e-07
9.999997615814208984e-01 1.961003306405473268e-07
9.999997615814208984e-01 2.720234704156609951e-07
9.999996423721313477e-01 3.562056463124463335e-07
9.999997615814208984e-01 2.965947203392715892e-07
9.999998807907104492e-01 1.624165406610700302e-07
9.999997615814208984e-01 2.039610933479707455e-07
9.999998807907104492e-01 1.484611544810832129e-07
9.999998807907104492e-01 1.242896559006112511e-07
9.999995231628417969e-01 4.345773447766987374e-07
9.999998807907104492e-01 1.730454215476129320e-07
9.999997615814208984e-01 2.307754840558118303e-07
9.999998807907104492e-01 1.411351036040286999e-07
9.999997615814208984e-01 2.422991940420615720e-07
9.999998807907104492e-01 1.690977597945675370e-07
9.999997615814208984e-01 1.996235567958137835e-07
9.999997615814208984e-01 2.385957031947327778e-07
9.999997615814208984e-01 1.934164970407437067e-07
9.999998807907104492e-01 1.415528458892367780e-07
9.999995231628417969e-01 5.010352310819143895e-07
9.999994039535522461e-01 5.427601763585698791e-07
9.999997615814208984e-01 2.205012776812509401e-07
9.999998807907104492e-01 1.615038627278408967e-07
9.999997615814208984e-01 2.216613239625075948e-07
9.999997615814208984e-01 1.948132251072820509e-07
9.999998807907104492e-01 1.144418249054979242e-07
1.000000000000000000e+00 5.463342134248705406e-08
1.000000000000000000e+00 5.786861834167211782e-08
9.999998807907104492e-01 9.241189502517954679e-08
9.999998807907104492e-01 1.113667309482480050e-07
9.999998807907104492e-01 7.937827462001223466e-08
1.000000000000000000e+00 4.778965134732970910e-08
9.999998807907104492e-01 7.159681558732700069e-08
9.999998807907104492e-01 9.306440773571011960e-08
1.000000000000000000e+00 4.339892356597374601e-08
9.999998807907104492e-01 6.209307912286021747e-08
9.999998807907104492e-01 6.439096722488102387e-08
9.999998807907104492e-01 6.470330760066644871e-08
9.999998807907104492e-01 1.152223205735936062e-07
1.000000000000000000e+00 5.823745397037782823e-08
9.999998807907104492e-01 6.076447078839919413e-08
9.999998807907104492e-01 6.422072118539290386e-08
9.999998807907104492e-01 6.143197595065430505e-08
9.999998807907104492e-01 7.470024598887903267e-08
9.999998807907104492e-01 6.522633100303210085e-08
9.999997615814208984e-01 2.742581841630453710e-07
1.000000000000000000e+00 5.771122246756021923e-08
9.999998807907104492e-01 7.523788525531927007e-08
1.000000000000000000e+00 3.423303240879249643e-08
9.999997615814208984e-01 2.006810433385908254e-07
1.000000000000000000e+00 5.671093106229818659e-08
1.000000000000000000e+00 5.871638464327588736e-08
9.999998807907104492e-01 6.069369362649013055e-08
9.999998807907104492e-01 8.201995171930320794e-08
1.000000000000000000e+00 4.316908075452374760e-08
9.999998807907104492e-01 5.971695316020486644e-08
9.999998807907104492e-01 6.974378408131087781e-08
9.999998807907104492e-01 7.236937449306424242e-08
1.000000000000000000e+00 5.615873632791590353e-08
9.999998807907104492e-01 7.014320857479106053e-08
1.000000000000000000e+00 5.545007653040556761e-08
9.999998807907104492e-01 6.750058645366152632e-08
9.999998807907104492e-01 6.320349399402402923e-08
9.999998807907104492e-01 6.571722366288668127e-08
9.999998807907104492e-01 7.043022520747399540e-08
1.000000000000000000e+00 4.678065224084093643e-08
1.000000000000000000e+00 4.358407323934443411e-08
1.000000000000000000e+00 3.976633777824645222e-08
9.999998807907104492e-01 6.361117499409374432e-08
1.000000000000000000e+00 5.918559509154874831e-08
1.000000000000000000e+00 4.622065219450632867e-08
9.999998807907104492e-01 8.229449122154619545e-08
9.999998807907104492e-01 8.096935033563568140e-08
9.999998807907104492e-01 6.636985716568233329e-08
9.999998807907104492e-01 6.746841307858630898e-08
9.999998807907104492e-01 9.986106164205921232e-08
9.999998807907104492e-01 7.101241550344639109e-08
9.999998807907104492e-01 1.065400567767937900e-07
9.999998807907104492e-01 6.026089494071129593e-08
1.000000000000000000e+00 5.839918770789154223e-08
1.000000000000000000e+00 5.330761965183228313e-08
9.999998807907104492e-01 1.049079116910434095e-07
1.000000000000000000e+00 4.786208052109941491e-08
9.999998807907104492e-01 9.636370634780178079e-08
9.999998807907104492e-01 9.101059106342290761e-08
1.000000000000000000e+00 5.473156505786391790e-08
9.999998807907104492e-01 7.214156028112483909e-08
9.999998807907104492e-01 7.847668825888831634e-08
1.000000000000000000e+00 5.486074883265246172e-08
9.999998807907104492e-01 8.929712436156478361e-08
9.999998807907104492e-01 8.981604793234509998e-08
9.999998807907104492e-01 1.324249438994229422e-07
1.000000000000000000e+00 5.750223408540477976e-08
9.999998807907104492e-01 7.768647947159479372e-08
9.999998807907104492e-01 7.247145106248353841e-08
1.000000000000000000e+00 4.852538282307250483e-08
9.999998807907104492e-01 1.265394757865578867e-07
9.999998807907104492e-01 6.682498110421875026e-08
1.000000000000000000e+00 3.886093580263150216e-08
9.999998807907104492e-01 9.518473120806447696e-08
1.000000000000000000e+00 3.062103814954753034e-08
1.000000000000000000e+00 4.265150366222769662e-08
9.999998807907104492e-01 9.276826773430002504e-08
9.999998807907104492e-01 1.212562352748136618e-07
1.000000000000000000e+00 3.844579410383630602e-08
9.999998807907104492e-01 6.623807990990826511e-08
1.000000000000000000e+00 5.543188663637010904e-08
9.999998807907104492e-01 8.875087331716713379e-08
1.000000000000000000e+00 5.109109224576968700e-08
9.999998807907104492e-01 6.085307546754847863e-08
9.999998807907104492e-01 8.975936793831351679e-08
1.000000000000000000e+00 3.277122218037220591e-08
9.999998807907104492e-01 1.003653693487649434e-07
1.000000000000000000e+00 3.845305585059577425e-08
1.000000000000000000e+00 4.348468252146631130e-08
9.999998807907104492e-01 7.460455719865421997e-08
9.999998807907104492e-01 6.915076511404549819e-08
9.999998807907104492e-01 7.358323017570000957e-08
9.999998807907104492e-01 8.596256861892470624e-08
1.000000000000000000e+00 4.373021056380821392e-08
9.999998807907104492e-01 9.135685985484087723e-08
1.000000000000000000e+00 4.672037334785272833e-08
9.999998807907104492e-01 1.015778821056301240e-07
1.000000000000000000e+00 5.109431100436268025e-08
9.999997615814208984e-01 2.973281993945420254e-07
9.999998807907104492e-01 1.036010814914334333e-07
9.999996423721313477e-01 3.162802784117957344e-07
9.999996423721313477e-01 3.366693022144318093e-07
9.999998807907104492e-01 8.801588080586952856e-08
9.999998807907104492e-01 7.905870802460412960e-08
9.999998807907104492e-01 1.773681503891566535e-07
9.999994039535522461e-01 5.371755946725897957e-07
9.999998807907104492e-01 7.367466281493761926e-08
9.999997615814208984e-01 2.177320936880278168e-07
9.999997615814208984e-01 2.014151903040328762e-07
9.999998807907104492e-01 9.776888276746831252e-08
9.999996423721313477e-01 3.257352716445893748e-07
9.999998807907104492e-01 1.513099050498567522e-07
9.999997615814208984e-01 1.923859116459425422e-07
9.999997615814208984e-01 2.388197231084632222e-07
9.999998807907104492e-01 1.346983822259062435e-07
9.999998807907104492e-01 8.212937530061026337e-08
9.999998807907104492e-01 8.875155543819346349e-08
9.999998807907104492e-01 1.173743626736722945e-07
9.999998807907104492e-01 9.052030947032108088e-08
9.999998807907104492e-01 8.689859498645091662e-08
9.999998807907104492e-01 9.182329563373059500e-08
9.999995231628417969e-01 4.387792955640179571e-07
9.999997615814208984e-01 1.999593024493151461e-07
9.999998807907104492e-01 1.465883201490214560e-07
9.999997615814208984e-01 1.909898230678663822e-07
9.999998807907104492e-01 1.151131385768167092e-07
9.999997615814208984e-01 2.328913382143582567e-07
9.999998807907104492e-01 9.518782206896503340e-08
9.999998807907104492e-01 9.514080545613978757e-08
9.999998807907104492e-01 1.053534575135017803e-07
9.999998807907104492e-01 1.268885938543462544e-07
9.999997615814208984e-01 2.666600664724683156e-07
9.999998807907104492e-01 8.571747400765161728e-08
9.999998807907104492e-01 1.006350700549774047e-07
9.999998807907104492e-01 1.596326342223619577e-07
9.999997615814208984e-01 2.517872417229227722e-07
9.999998807907104492e-01 7.822085024145053467e-08
1.000000000000000000e+00 4.516045848390604078e-08
9.999998807907104492e-01 7.156158687848801492e-08
9.999998807907104492e-01 6.802896734825480962e-08
1.000000000000000000e+00 5.862786522925489407e-08
9.999998807907104492e-01 1.331758312517195009e-07
9.999998807907104492e-01 1.458033693779725581e-07
9.999998807907104492e-01 7.392874579181807349e-08
1.000000000000000000e+00 4.247493023967763293e-08
9.999998807907104492e-01 7.282965697186227771e-08
9.999998807907104492e-01 7.640887389470663038e-08
9.999998807907104492e-01 8.554630426260700915e-08
9.999998807907104492e-01 7.571829030439403141e-08
1.000000000000000000e+00 4.606469872214802308e-08
9.999998807907104492e-01 6.484724224264937220e-08
9.999998807907104492e-01 7.832790061002015136e-08
1.000000000000000000e+00 4.929283292653963144e-08
9.999998807907104492e-01 6.347761427605291829e-08
1.000000000000000000e+00 5.500345068298884144e-08
1.000000000000000000e+00 5.251951051832293160e-08
1.000000000000000000e+00 5.691334692414784513e-08
9.999998807907104492e-01 7.616456798587023513e-08
1.000000000000000000e+00 4.914301143799093552e-08
1.000000000000000000e+00 5.687178372681955807e-08
1.000000000000000000e+00 5.691161319987259049e-08
1.000000000000000000e+00 4.558520316777503467e-08
1.000000000000000000e+00 5.831970995018309623e-08
9.999998807907104492e-01 6.010638742282026215e-08
1.000000000000000000e+00 5.161471960946073523e-08
9.999998807907104492e-01 6.229213056485605193e-08
1.000000000000000000e+00 4.582869550517898460e-08
1.000000000000000000e+00 4.614190629581571557e-08
1.000000000000000000e+00 4.462487268597215007e-08
1.000000000000000000e+00 4.616866533524444094e-08
9.999998807907104492e-01 1.012363028962681710e-07
9.999998807907104492e-01 7.078833164086972829e-08
9.999998807907104492e-01 6.233040039660409093e-08
9.999998807907104492e-01 1.123194408592098625e-07
9.999998807907104492e-01 8.350821190106216818e-08
1.000000000000000000e+00 5.536838543207522889e-08
9.999998807907104492e-01 1.120122163911219104e-07
9.999998807907104492e-01 8.658375350023561623e-08
9.999998807907104492e-01 6.380949457707174588e-08
9.999998807907104492e-01 9.409158963080699323e-08
9.999998807907104492e-01 7.017973757683648728e-08
9.999998807907104492e-01 7.611983221522677923e-08
9.999998807907104492e-01 1.185340110509969236e-07
9.999998807907104492e-01 1.018965107846270257e-07
9.999998807907104492e-01 7.861677175924342009e-08
9.999998807907104492e-01 7.359010822938216734e-08
9.999998807907104492e-01 9.952393043022311758e-08
9.999998807907104492e-01 9.101458431359787937e-08
9.999998807907104492e-01 8.540283147340232972e-08
9.999998807907104492e-01 7.667647849984859931e-08
9.999998807907104492e-01 6.559812959494593088e-08
9.999998807907104492e-01 1.578926713818873395e-07
9.999998807907104492e-01 6.711276512305630604e-08
9.999998807907104492e-01 9.297250613826690824e-08
9.999998807907104492e-01 6.271199737284405273e-08
9.999998807907104492e-01 9.891362395819669473e-08
9.999998807907104492e-01 8.617598012961025233e-08
9.999998807907104492e-01 1.023991771376131510e-07
9.999998807907104492e-01 8.594174971676693531e-08
9.999998807907104492e-01 7.073421670611423906e-08
9.999998807907104492e-01 1.029828595733306429e-07
1.000000000000000000e+00 5.624127297210179677e-08
1.000000000000000000e+00 5.154762305892290897e-08
1.000000000000000000e+00 4.523942820355841832e-08
1.000000000000000000e+00 4.392456531832067412e-08
1.000000000000000000e+00 4.288545696340406721e-08
9.999998807907104492e-01 9.301773928882539622e-08
9.999998807907104492e-01 6.365377203110256232e-08
9.999998807907104492e-01 9.556693925105719245e-08
9.999998807907104492e-01 6.376107108962969505e-08
9.999998807907104492e-01 8.726249944857045193e-08
9.999998807907104492e-01 7.935162926742123091e-08
9.999998807907104492e-01 1.034022929502498300e-07
9.999998807907104492e-01 1.058899528061374440e-07
9.999998807907104492e-01 1.154114741552803025e-07
9.999998807907104492e-01 9.404063661122563644e-08
9.999998807907104492e-01 7.287273717793141259e-08
1.000000000000000000e+00 5.457635054995080282e-08
9.999998807907104492e-01 8.211825530679561780e-08
9.999998807907104492e-01 8.057434541797192651e-08
9.999998807907104492e-01 7.291833981071249582e-08
9.999996423721313477e-01 3.539584838563314406e-07
1.000000000000000000e+00 4.802192066222232825e-08
9.999998807907104492e-01 7.545978775169714936e-08
9.999997615814208984e-01 2.211492926562641514e-07
9.999998807907104492e-01 6.182906275853383704e-08
9.999998807907104492e-01 1.068681356741763011e-07
1.000000000000000000e+00 5.280658399442472728e-08
9.999998807907104492e-01 1.571676619960271637e-07
1.000000000000000000e+00 3.971539896951981063e-08
9.999998807907104492e-01 8.570619058900774689e-08
9.999991655349731445e-01 8.696920303918886930e-07
9.999998807907104492e-01 1.343106248441472417e-07
9.999998807907104492e-01 1.465860748339764541e-07
9.999997615814208984e-01 2.932377185516088502e-07
9.999998807907104492e-01 1.017302793115959503e-07
9.999998807907104492e-01 8.221886815817924798e-08
9.999998807907104492e-01 7.087830766749902978e-08
9.999998807907104492e-01 1.615633209439693019e-07
9.999998807907104492e-01 1.236983990793305566e-07
9.999998807907104492e-01 1.275759728969205753e-07
9.999998807907104492e-01 1.466120806981052738e-07
9.999998807907104492e-01 1.132956271021612338e-07
1.000000000000000000e+00 5.936547253782009648e-08
9.999998807907104492e-01 6.185902634570084047e-08
9.999998807907104492e-01 8.627218761603216990e-08
9.999998807907104492e-01 6.439760369403302320e-08
1.000000000000000000e+00 4.650025076102792809e-08
9.999998807907104492e-01 7.318697470282131690e-08
1.000000000000000000e+00 5.674533554156369064e-08
9.999998807907104492e-01 7.046570260627049720e-08
1.000000000000000000e+00 5.576614370284005417e-08
1.000000000000000000e+00 4.929274055598398263e-08
9.999998807907104492e-01 7.733609663773677312e-08
9.999998807907104492e-01 6.558611431728422758e-08
9.999998807907104492e-01 8.982392785128467949e-08
9.999998807907104492e-01 6.824821241480094614e-08
9.999998807907104492e-01 9.534717548831395106e-08
1.000000000000000000e+00 4.764284966540799360e-08
1.000000000000000000e+00 5.274980807712381647e-08
9.999998807907104492e-01 8.496609638086738414e-08
9.999998807907104492e-01 9.593968997023694101e-08
9.999998807907104492e-01 6.989853318373207003e-08
1.000000000000000000e+00 5.500135458191834914e-08
9.999998807907104492e-01 1.130251874315035820e-07
9.999998807907104492e-01 9.448292104252686840e-08
1.000000000000000000e+00 4.882041437781481363e-08
9.999998807907104492e-01 1.529415811774015310e-07
9.999998807907104492e-01 6.011269704231381183e-08
9.999998807907104492e-01 8.707462484380812384e-08
9.999997615814208984e-01 1.855031825925834710e-07
9.999996423721313477e-01 3.672188313430524431e-07
9.999996423721313477e-01 3.073599543768068543e-07
9.999998807907104492e-01 1.118979824354937591e-07
9.999998807907104492e-01 1.082297842458501691e-07
9.999998807907104492e-01 1.431237848237287835e-07
9.999995231628417969e-01 4.803814022125152405e-07
9.999997615814208984e-01 1.938123688205450890e-07
9.999998807907104492e-01 7.759274467389332131e-08
9.999998807907104492e-01 6.898622473272553179e-08
9.999998807907104492e-01 6.537180041732426616e-08
9.999998807907104492e-01 1.278172163665658445e-07
9.999998807907104492e-01 1.388357446785448701e-07
9.999998807907104492e-01 1.087912906427845883e-07
9.999998807907104492e-01 6.596297907890402712e-08
9.999996423721313477e-01 4.069858619004662614e-07
9.999998807907104492e-01 1.533891520466568181e-07
1.000000000000000000e+00 5.831125449162755103e-08
9.999998807907104492e-01 7.897551057567397947e-08
1.000000000000000000e+00 4.663240815716562793e-08
9.999998807907104492e-01 1.325780942806886742e-07
1.000000000000000000e+00 4.230408734429147444e-08
9.999998807907104492e-01 8.629538683635473717e-08
9.999998807907104492e-01 1.025700200329993095e-07
9.999998807907104492e-01 6.749312575493604527e-08
9.999998807907104492e-01 1.147170820559040294e-07
9.999998807907104492e-01 9.237699316599901067e-08
1.000000000000000000e+00 5.958873217082327756e-08
1.000000000000000000e+00 5.114023338137485553e-08
9.999998807907104492e-01 1.062522940742383071e-07
9.999998807907104492e-01 1.029410299224764458e-07
9.999998807907104492e-01 1.040363315496506402e-07
9.999998807907104492e-01 9.653497556882939534e-08
9.999998807907104492e-01 6.591556456214675563e-08
9.999998807907104492e-01 8.492332170817462611e-08
9.999998807907104492e-01 8.509649518373407773e-08
9.999998807907104492e-01 9.346769047624547966e-08
9.999998807907104492e-01 8.856198974172002636e-08
9.999998807907104492e-01 9.904728415222052718e-08
9.999998807907104492e-01 7.726296757937234361e-08
9.999998807907104492e-01 7.597463991260156035e-08
9.999998807907104492e-01 9.856351113057826296e-08
9.999998807907104492e-01 1.303813235153938876e-07
9.999998807907104492e-01 6.981311884146634839e-08
1.000000000000000000e+00 5.305646055830948171e-08
9.999998807907104492e-01 9.336470441212441074e-08
9.999997615814208984e-01 1.990612190638785250e-07
9.999998807907104492e-01 9.651343191308114910e-08
9.999997615814208984e-01 1.833201395129435696e-07
9.999994039535522461e-01 6.005006980558391660e-07
1.000000000000000000e+00 3.956018801432037435e-08
9.999998807907104492e-01 1.490607104415175854e-07
9.999998807907104492e-01 6.628901161320754909e-08
1.000000000000000000e+00 4.851630919233684835e-08
9.999998807907104492e-01 9.639624209967223578e-08
9.999997615814208984e-01 2.392327758116152836e-07
9.999998807907104492e-01 6.607152158721874002e-08
1.000000000000000000e+00 5.468492503268862492e-08
9.999998807907104492e-01 1.259536190900689689e-07
9.999998807907104492e-01 1.110780161184266035e-07
9.999998807907104492e-01 8.824011388242070097e-08
9.999998807907104492e-01 7.115368561017021420e-08
9.999998807907104492e-01 7.580875660551100736e-08
9.999998807907104492e-01 1.319396147891893634e-07
9.999998807907104492e-01 8.787715444213972660e-08
9.999998807907104492e-01 8.448065358379608369e-08
9.999998807907104492e-01 7.103245991402218351e-08
9.999998807907104492e-01 1.046704625196070992e-07
9.999998807907104492e-01 6.410886754792954889e-08
9.999998807907104492e-01 1.099966624451553798e-07
9.999998807907104492e-01 6.472095748222272960e-08
9.999998807907104492e-01 7.071991348084338824e-08
9.999998807907104492e-01 6.074429848013096489e-08
1.000000000000000000e+00 5.890573362421491765e-08
1.000000000000000000e+00 5.846583661650583963e-08
9.999996423721313477e-01 3.609379177760274615e-07
9.999997615814208984e-01 2.077214134033056325e-07
9.999998807907104492e-01 1.012239536635206605e-07
9.999998807907104492e-01 8.158214370723726461e-08
9.999997615814208984e-01 2.925159492406237405e-07
9.999998807907104492e-01 8.429717013314075302e-08
9.999994039535522461e-01 5.821834179187135305e-07
9.999998807907104492e-01 9.785731691636101459e-08
9.999998807907104492e-01 6.482795100737348548e-08
9.999998807907104492e-01 7.098370247149432544e-08
9.999998807907104492e-01 1.194385106373374583e-07
9.999998807907104492e-01 6.389426232544792583e-08
9.999998807907104492e-01 1.211053017868835013e-07
1.000000000000000000e+00 4.993032476363623573e-08
9.999998807907104492e-01 1.515532517259998713e-07
9.999998807907104492e-01 9.086853225426239078e-08
9.999997615814208984e-01 2.110798789090040373e-07
9.999998807907104492e-01 1.525176003269734792e-07
9.999998807907104492e-01 9.795348887564614415e-08
9.999998807907104492e-01 8.228209225080718170e-08
9.999998807907104492e-01 1.153861646230325277e-07
9.999998807907104492e-01 7.517621014585529338e-08
1.000000000000000000e+00 5.400568170443875715e-08
9.999998807907104492e-01 6.134930430334861740e-08
9.999998807907104492e-01 8.306673748847970273e-08
9.999998807907104492e-01 7.522081801880631247e-08
9.999998807907104492e-01 9.709967230264737736e-08
1.000000000000000000e+00 4.500275707641776535e-08
9.999998807907104492e-01 6.875490043967147358e-08
9.999991655349731445e-01 8.669808266859035939e-07
9.999998807907104492e-01 8.150842489840215421e-08
9.999998807907104492e-01 7.966251303059834754e-08
9.999998807907104492e-01 1.114806522650724219e-07
1.000000000000000000e+00 5.579327932991873240e-08
9.999998807907104492e-01 6.535933749773903401e-08
9.999998807907104492e-01 7.691875225646072067e-08
9.999998807907104492e-01 1.520296564194723032e-07
9.999998807907104492e-01 6.138981234471430071e-08
9.999998807907104492e-01 9.487116869877354475e-08
9.999996423721313477e-01 3.091653013598261168e-07
9.999998807907104492e-01 1.670751430538075510e-07
9.999998807907104492e-01 7.014333647248349735e-08
9.999997615814208984e-01 2.901792583998030750e-07
9.999998807907104492e-01 1.003217278139345581e-07
9.999997615814208984e-01 2.864656210022076266e-07
9.999998807907104492e-01 1.329777177261348697e-07
9.999998807907104492e-01 1.742071304988712654e-07
9.999997615814208984e-01 2.234465057426859858e-07
9.999997615814208984e-01 1.856679574530062382e-07
9.999998807907104492e-01 1.498400337140992633e-07
9.999998807907104492e-01 1.689825097628272488e-07
9.999998807907104492e-01 1.119020325290875917e-07
9.999997615814208984e-01 2.509185321741824737e-07
9.999996423721313477e-01 3.860179447201517178e-07
9.999997615814208984e-01 1.837654366454444244e-07
9.999998807907104492e-01 1.451308122568661929e-07
9.999996423721313477e-01 3.134660460091254208e-07
9.999995231628417969e-01 4.263043820174061693e-07
9.999998807907104492e-01 1.116500314424229146e-07
9.999996423721313477e-01 3.263384655838308390e-07
9.999994039535522461e-01 6.097694154050259385e-07
9.999997615814208984e-01 1.877508850611775415e-07
9.999997615814208984e-01 1.930845598963060183e-07
9.999998807907104492e-01 9.309903248322370928e-08
5.714176509741264454e-08 1.000000000000000000e+00
4.570212297494435916e-08 1.000000000000000000e+00
4.398341957312368322e-08 1.000000000000000000e+00
5.822701254487583356e-08 1.000000000000000000e+00
9.063122519137323252e-08 9.999998807907104492e-01
6.621205272949737264e-08 9.999998807907104492e-01
8.806038209741018363e-08 9.999998807907104492e-01
1.216988380292605143e-06 9.999988079071044922e-01
1.851018538445714512e-07 9.999997615814208984e-01
1.780781531124375761e-07 9.999998807907104492e-01
8.942630813635332743e-08 9.999998807907104492e-01
5.460591978589945938e-08 1.000000000000000000e+00
7.364613452409685124e-08 9.999998807907104492e-01
7.068633323115136591e-08 9.999998807907104492e-01
2.693139151688228594e-07 9.999997615814208984e-01
4.124946428873954574e-08 1.000000000000000000e+00
1.558681361757408013e-07 9.999998807907104492e-01
5.430232974390492018e-08 1.000000000000000000e+00
5.861612706326013722e-08 1.000000000000000000e+00
7.015925973519188119e-08 9.999998807907104492e-01
3.961092431836732430e-08 1.000000000000000000e+00
6.872986091366328765e-08 9.999998807907104492e-01
3.414883664731860335e-08 1.000000000000000000e+00
4.332828851261183445e-08 1.000000000000000000e+00
6.612598468791475170e-08 9.999998807907104492e-01
4.431460709497514472e-08 1.000000000000000000e+00
5.114432610753283370e-08 1.000000000000000000e+00
3.400668546760243771e-08 1.000000000000000000e+00
3.821403993242711294e-08 1.000000000000000000e+00
1.209277940006359131e-07 9.999998807907104492e-01
1.265464817379324813e-07 9.999998807907104492e-01
3.063201958752870269e-08 1.000000000000000000e+00
4.561746891340590082e-08 1.000000000000000000e+00
4.593676905528809584e-08 1.000000000000000000e+00
3.362191236533362826e-08 1.000000000000000000e+00
6.477591796283377334e-08 9.999998807907104492e-01
3.052482355769825517e-08 1.000000000000000000e+00
4.276481035958568100e-08 1.000000000000000000e+00
1.601875823098453111e-07 9.999998807907104492e-01
4.823250066010587034e-08 1.000000000000000000e+00
7.741091678781231167e-08 9.999998807907104492e-01
7.926450962258968502e-08 9.999998807907104492e-01
1.819622355014871573e-07 9.999997615814208984e-01
1.041914217125849973e-07 9.999998807907104492e-01
1.214842626495737932e-07 9.999998807907104492e-01
3.994223973791122262e-08 1.000000000000000000e+00
9.530972278071203618e-08 9.999998807907104492e-01
2.219104828782292316e-07 9.999997615814208984e-01
4.903636252606702328e-08 1.000000000000000000e+00
1.338663651040405966e-07 9.999998807907104492e-01
3.150580241140232829e-08 1.000000000000000000e+00
1.152185760133761505e-07 9.999998807907104492e-01
7.343307117935182760e-08 9.999998807907104492e-01
6.699663401832367526e-08 9.999998807907104492e-01
1.354133445374827716e-07 9.999998807907104492e-01
1.696537594852998154e-07 9.999998807907104492e-01
7.408287672205915442e-08 9.999998807907104492e-01
7.339540530892918468e-08 9.999998807907104492e-01
1.245230265567442984e-07 9.999998807907104492e-01
1.061392680412609479e-07 9.999998807907104492e-01
7.141895252971153241e-08 9.999998807907104492e-01
4.479645454580349906e-08 1.000000000000000000e+00
4.470827974500934943e-08 1.000000000000000000e+00
6.105199901185187628e-08 9.999998807907104492e-01
8.462080103299740585e-08 9.999998807907104492e-01
1.194951408933775383e-07 9.999998807907104492e-01
6.506281380325162900e-08 9.999998807907104492e-01
3.893446276492795732e-08 1.000000000000000000e+00
7.894674780573041062e-08 9.999998807907104492e-01
4.053596569519868353e-08 1.000000000000000000e+00
5.634585420466464711e-08 1.000000000000000000e+00
3.379814472737052711e-08 1.000000000000000000e+00
2.682587485480780742e-08 1.000000000000000000e+00
3.578603724463391700e-08 1.000000000000000000e+00
8.951368357656974695e-08 9.999998807907104492e-01
3.997707054281818273e-08 1.000000000000000000e+00
5.341193798358290223e-08 1.000000000000000000e+00
5.940239589108387008e-08 1.000000000000000000e+00
7.161934689747795346e-08 9.999998807907104492e-01
3.588055719205840433e-08 1.000000000000000000e+00
3.443853557882903260e-08 1.000000000000000000e+00
3.652493063555084518e-08 1.000000000000000000e+00
7.007312774476304185e-08 9.999998807907104492e-01
7.031076876273800735e-08 9.999998807907104492e-01
4.632302719187464390e-08 1.000000000000000000e+00
6.936449636896213633e-08 9.999998807907104492e-01
9.931154920650442364e-08 9.999998807907104492e-01
9.213750473691106890e-08 9.999998807907104492e-01
3.978211537969400524e-08 1.000000000000000000e+00
1.080705374079116154e-07 9.999998807907104492e-01
5.970852612335875165e-08 9.999998807907104492e-01
4.543382203792134533e-08 1.000000000000000000e+00
4.840124034899417893e-08 1.000000000000000000e+00
5.421911808412005485e-08 1.000000000000000000e+00
5.887315879249399586e-08 1.000000000000000000e+00
4.014050247747036337e-08 1.000000000000000000e+00
2.293366030414745182e-08 1.000000000000000000e+00
3.341802212730726751e-08 1.000000000000000000e+00
4.598507530317874625e-08 1.000000000000000000e+00
5.369313882397364068e-08 1.000000000000000000e+00
1.239702669408870861e-07 9.999998807907104492e-01
3.906754031390846649e-08 1.000000000000000000e+00
7.242378075034139329e-08 9.999998807907104492e-01
8.248054683690497768e-08 9.999998807907104492e-01
5.305089345597480133e-08 1.000000000000000000e+00
4.427641897564171813e-08 1.000000000000000000e+00
5.750103326818134519e-08 1.000000000000000000e+00
4.695586497405201953e-08 1.000000000000000000e+00
2.836268038208800135e-07 9.999997615814208984e-01
1.825516449116548756e-07 9.999997615814208984e-01
8.832026310301444028e-08 9.999998807907104492e-01
7.495513898447825341e-08 9.999998807907104492e-01
6.313529610224577482e-08 9.999998807907104492e-01
1.645080942580534611e-07 9.999998807907104492e-01
1.252225416692454019e-07 9.999998807907104492e-01
5.206043240946200967e-08 1.000000000000000000e+00
8.553895725071924971e-08 9.999998807907104492e-01
4.021867283654501080e-08 1.000000000000000000e+00
5.901098987237674010e-08 1.000000000000000000e+00
6.828545195958213299e-08 9.999998807907104492e-01
7.712427674277932965e-08 9.999998807907104492e-01
1.387417682963132393e-07 9.999998807907104492e-01
3.637434531356120715e-08 1.000000000000000000e+00
6.464188118115998805e-08 9.999998807907104492e-01
7.074743280099937692e-08 9.999998807907104492e-01
6.019300968773677596e-08 9.999998807907104492e-01
3.357884281740552979e-08 1.000000000000000000e+00
4.163877065366250463e-08 1.000000000000000000e+00
3.810428239603425027e-08 1.000000000000000000e+00
1.980824926306468114e-08 1.000000000000000000e+00
4.403403508490555396e-08 1.000000000000000000e+00
2.595826131823741889e-08 1.000000000000000000e+00
3.819057781129231444e-08 1.000000000000000000e+00
6.457939605297724484e-08 9.999998807907104492e-01
9.648196197531433427e-08 9.999998807907104492e-01
4.566465605648772907e-08 1.000000000000000000e+00
4.852241985986438522e-08 1.000000000000000000e+00
3.392078795627639920e-08 1.000000000000000000e+00
8.161265441231080331e-08 9.999998807907104492e-01
7.099900045659524039e-08 9.999998807907104492e-01
4.824721955287714081e-08 1.000000000000000000e+00
9.784089627373759868e-08 9.999998807907104492e-01
7.500319298969770898e-08 9.999998807907104492e-01
7.362127973919996293e-08 9.999998807907104492e-01
6.437402078063314548e-08 9.999998807907104492e-01
1.051206268698479107e-07 9.999998807907104492e-01
9.610910467472422170e-08 9.999998807907104492e-01
5.599540742196040810e-08 1.000000000000000000e+00
4.655695917676894169e-08 1.000000000000000000e+00
3.757927302672214864e-08 1.000000000000000000e+00
4.187715774151001824e-07 9.999995231628417969e-01
5.274105774333293084e-08 1.000000000000000000e+00
5.926591128968539124e-08 1.000000000000000000e+00
4.644459039582216064e-08 1.000000000000000000e+00
7.475811258927933523e-08 9.999998807907104492e-01
3.722805885786328872e-08 1.000000000000000000e+00
3.476442955729908135e-08 1.000000000000000000e+00
4.904926953486210550e-08 1.000000000000000000e+00
7.948826663550789817e-08 9.999998807907104492e-01
8.200586876228044275e-08 9.999998807907104492e-01
9.618869967198406812e-08 9.999998807907104492e-01
5.612810838329096441e-08 1.000000000000000000e+00
5.974326455771006295e-08 9.999998807907104492e-01
6.363046622936963104e-08 9.999998807907104492e-01
2.388570052858085546e-08 1.000000000000000000e+00
9.122000932393348194e-08 9.999998807907104492e-01
3.448125696081660863e-08 1.000000000000000000e+00
6.171242006303145899e-08 9.999998807907104492e-01
2.439618285166034184e-08 1.000000000000000000e+00
1.629760504329169635e-07 9.999998807907104492e-01
4.754834392883822147e-08 1.000000000000000000e+00
2.857653669252613327e-08 1.000000000000000000e+00
4.082787441461732669e-08 1.000000000000000000e+00
3.879443255527803558e-08 1.000000000000000000e+00
7.495871301443912671e-08 9.999998807907104492e-01
2.443297120180432103e-08 1.000000000000000000e+00
6.057665302705572685e-08 9.999998807907104492e-01
3.162736206263616623e-08 1.000000000000000000e+00
3.140662485634493351e-08 1.000000000000000000e+00
4.946585008269721584e-08 1.000000000000000000e+00
3.588391095377119200e-08 1.000000000000000000e+00
4.112628744223911781e-07 9.999996423721313477e-01
3.438766782437596703e-08 1.000000000000000000e+00
7.920888833723438438e-08 9.999998807907104492e-01
4.810534548482792161e-08 1.000000000000000000e+00
4.218709293013489514e-08 1.000000000000000000e+00
1.941188685350425658e-07 9.999997615814208984e-01
9.986426903196843341e-07 9.999990463256835938e-01
5.143836006027413532e-07 9.999995231628417969e-01
2.727733594554138108e-08 1.000000000000000000e+00
4.188705915453283524e-08 1.000000000000000000e+00
5.492021415420822450e-08 1.000000000000000000e+00
3.037260398741636891e-08 1.000000000000000000e+00
2.589847269973688526e-08 1.000000000000000000e+00
3.558504246825577866e-08 1.000000000000000000e+00
4.340968473570683273e-08 1.000000000000000000e+00
5.682570147769183677e-08 1.000000000000000000e+00
4.916907414553861599e-08 1.000000000000000000e+00
4.135825903972545348e-08 1.000000000000000000e+00
7.270362800682050874e-08 9.999998807907104492e-01
2.349109564647733350e-07 9.999997615814208984e-01
5.750684195504618401e-08 1.000000000000000000e+00
6.489252513119936339e-08 9.999998807907104492e-01
6.380182071552553680e-08 9.999998807907104492e-01
1.125210005170629302e-07 9.999998807907104492e-01
8.119994987509926432e-08 9.999998807907104492e-01
2.090764006368317496e-08 1.000000000000000000e+00
4.129141828457250085e-08 1.000000000000000000e+00
1.586016651344834827e-07 9.999998807907104492e-01
1.350222333940109820e-07 9.999998807907104492e-01
2.192875001583161065e-07 9.999997615814208984e-01
1.075749125334368728e-07 9.999998807907104492e-01
1.403337108740743133e-07 9.999998807907104492e-01
3.549407168179641303e-08 1.000000000000000000e+00
3.994544073293582187e-08 1.000000000000000000e+00
4.421085009198577609e-08 1.000000000000000000e+00
1.134242708644705999e-07 9.999998807907104492e-01
1.292453504220247851e-07 9.999998807907104492e-01
1.509922071818436962e-07 9.999998807907104492e-01
6.342968816852589953e-08 9.999998807907104492e-01
1.021510414034310088e-07 9.999998807907104492e-01
1.265949975959301810e-07 9.999998807907104492e-01
4.465297109845778323e-08 1.000000000000000000e+00
5.872512431892573659e-08 1.000000000000000000e+00
4.272559550599908107e-08 1.000000000000000000e+00
6.291206489095202414e-08 9.999998807907104492e-01
1.141874790278052387e-07 9.999998807907104492e-01
5.252391588328464422e-08 1.000000000000000000e+00
1.135489569037417823e-07 9.999998807907104492e-01
2.886017114178685006e-07 9.999997615814208984e-01
6.831189836020712391e-08 9.999998807907104492e-01
5.293526328387088142e-08 1.000000000000000000e+00
6.369616301071800990e-08 9.999998807907104492e-01
6.362343185628560605e-08 9.999998807907104492e-01
3.228358735896108556e-08 1.000000000000000000e+00
4.189097424500687339e-08 1.000000000000000000e+00
5.564937310964523931e-08 1.000000000000000000e+00
4.466804881531061255e-08 1.000000000000000000e+00
5.482560183622808836e-08 1.000000000000000000e+00
4.065311287604345125e-08 1.000000000000000000e+00
4.934880948326281214e-08 1.000000000000000000e+00
4.078771453919216583e-08 1.000000000000000000e+00
6.896596005390165374e-08 9.999998807907104492e-01
1.718049134069588035e-07 9.999998807907104492e-01
1.256745321143171168e-07 9.999998807907104492e-01
1.151412547528707364e-07 9.999998807907104492e-01
4.559546340487941052e-08 1.000000000000000000e+00
4.450468438221832912e-08 1.000000000000000000e+00
5.978088779556856025e-08 9.999998807907104492e-01
3.971661399759796041e-08 1.000000000000000000e+00
2.237992475784267299e-07 9.999997615814208984e-01
5.341152586879616138e-08 1.000000000000000000e+00
4.495060323961297399e-08 1.000000000000000000e+00
3.352144162249715009e-08 1.000000000000000000e+00
3.453852670531887270e-08 1.000000000000000000e+00
2.476132721085377852e-08 1.000000000000000000e+00
2.946083021981849015e-08 1.000000000000000000e+00
3.944573734315781621e-08 1.000000000000000000e+00
3.489463296091344091e-08 1.000000000000000000e+00
4.711941770096927939e-08 1.000000000000000000e+00
3.711759433144834475e-08 1.000000000000000000e+00
5.528807278665226477e-08 1.000000000000000000e+00
3.017587246745279117e-08 1.000000000000000000e+00
3.397816072947534849e-08 1.000000000000000000e+00
3.161071404633730708e-08 1.000000000000000000e+00
3.052563712913070049e-08 1.000000000000000000e+00
3.120843317105936876e-08 1.000000000000000000e+00
3.174533702576809446e-08 1.000000000000000000e+00
4.794467756141784776e-08 1.000000000000000000e+00
3.562307071547365922e-08 1.000000000000000000e+00
3.886486510396025551e-08 1.000000000000000000e+00
3.194809039541723905e-08 1.000000000000000000e+00
4.346469850702305848e-08 1.000000000000000000e+00
3.858456310013025359e-08 1.000000000000000000e+00
6.045834055612431257e-08 9.999998807907104492e-01
2.149181099753150193e-08 1.000000000000000000e+00
2.947825450405616721e-08 1.000000000000000000e+00
2.927357733994995215e-08 1.000000000000000000e+00
5.055879270798868674e-08 1.000000000000000000e+00
3.757654809533050866e-08 1.000000000000000000e+00
5.289297178023844026e-08 1.000000000000000000e+00
4.795510122335144843e-08 1.000000000000000000e+00
3.929142877723279526e-08 1.000000000000000000e+00
5.684033510533481603e-08 1.000000000000000000e+00
3.105819601501025318e-08 1.000000000000000000e+00
4.131765152237676375e-08 1.000000000000000000e+00
1.525075532526898314e-07 9.999998807907104492e-01
3.883418742134381318e-08 1.000000000000000000e+00
3.957935845733118185e-08 1.000000000000000000e+00
3.378854174229672935e-08 1.000000000000000000e+00
6.841791844180988846e-08 9.999998807907104492e-01
4.466770775479744771e-08 1.000000000000000000e+00
3.725221020545177453e-08 1.000000000000000000e+00
3.744140641970261640e-08 1.000000000000000000e+00
3.449843077873993025e-08 1.000000000000000000e+00
4.448804702406050637e-08 1.000000000000000000e+00
7.086979536552462378e-08 9.999998807907104492e-01
7.730203321898443392e-08 9.999998807907104492e-01
3.206291765422975004e-08 1.000000000000000000e+00
3.425020622671581805e-08 1.000000000000000000e+00
3.518361424426075246e-08 1.000000000000000000e+00
2.647231411856409977e-08 1.000000000000000000e+00
2.495362849685989204e-08 1.000000000000000000e+00
9.534536360433776281e-08 9.999998807907104492e-01
1.368178885741144768e-07 9.999998807907104492e-01
3.966089678897333215e-08 1.000000000000000000e+00
5.951615023036538332e-08 1.000000000000000000e+00
5.496160682127992914e-08 1.000000000000000000e+00
4.117321594776512939e-08 1.000000000000000000e+00
4.024929367574259231e-08 1.000000000000000000e+00
5.428441696153640805e-08 1.000000000000000000e+00
8.278678365059022326e-08 9.999998807907104492e-01
8.113012484045611927e-08 9.999998807907104492e-01
4.408992282378676464e-08 1.000000000000000000e+00
4.312957813112916483e-08 1.000000000000000000e+00
3.937778103590972023e-08 1.000000000000000000e+00
2.106197527496078692e-08 1.000000000000000000e+00
2.349261407630365284e-08 1.000000000000000000e+00
8.025210007645000587e-08 9.999998807907104492e-01
4.291090505148531520e-08 1.000000000000000000e+00
6.124256657358273515e-08 9.999998807907104492e-01
4.565899303088372108e-08 1.000000000000000000e+00
3.225884626090191887e-08 1.000000000000000000e+00
4.307770140599131992e-08 1.000000000000000000e+00
4.999407821060231072e-08 1.000000000000000000e+00
5.913052802952734055e-08 1.000000000000000000e+00
5.503713751409122779e-08 1.000000000000000000e+00
4.868130432100770122e-08 1.000000000000000000e+00
6.574166633299682871e-08 9.999998807907104492e-01
4.700191880147031043e-08 1.000000000000000000e+00
7.167756876924613607e-08 9.999998807907104492e-01
4.499855421613574435e-08 1.000000000000000000e+00
2.718436675763769017e-08 1.000000000000000000e+00
4.294373567859111063e-08 1.000000000000000000e+00
2.463841397570831759e-08 1.000000000000000000e+00
4.260304109493517899e-08 1.000000000000000000e+00
2.380297381421314640e-08 1.000000000000000000e+00
2.803456133904091985e-08 1.000000000000000000e+00
3.630946210364527360e-08 1.000000000000000000e+00
3.216269561789886211e-08 1.000000000000000000e+00
3.220001332238098257e-08 1.000000000000000000e+00
6.322218126797451987e-08 9.999998807907104492e-01
8.332349210604661494e-08 9.999998807907104492e-01
4.231869610293870210e-08 1.000000000000000000e+00
2.978514501705831208e-08 1.000000000000000000e+00
3.437409290540927032e-08 1.000000000000000000e+00
2.998596571046618919e-08 1.000000000000000000e+00
9.413485457798742573e-08 9.999998807907104492e-01
3.068962683983045281e-08 1.000000000000000000e+00
6.208668423823837657e-08 9.999998807907104492e-01
9.710318948918938986e-08 9.999998807907104492e-01
8.776024174039775971e-08 9.999998807907104492e-01
6.357988269201086950e-08 9.999998807907104492e-01
1.337346873242495349e-07 9.999998807907104492e-01
2.668977003850159235e-07 9.999997615814208984e-01
3.381330486718070460e-07 9.999996423721313477e-01
3.647243929094656778e-08 1.000000000000000000e+00
2.561828615910144435e-08 1.000000000000000000e+00
4.197743663780784118e-08 1.000000000000000000e+00
2.645908736553792551e-08 1.000000000000000000e+00
2.658464204330357461e-08 1.000000000000000000e+00
2.763680129191925516e-08 1.000000000000000000e+00
3.349855859369199607e-08 1.000000000000000000e+00
2.824237022025499755e-08 1.000000000000000000e+00
3.025015260504915204e-08 1.000000000000000000e+00
4.665758979172096588e-08 1.000000000000000000e+00
6.518131101529434090e-08 9.999998807907104492e-01
1.064450003696038038e-07 9.999998807907104492e-01
6.185111800505183055e-08 9.999998807907104492e-01
4.544942200368495833e-08 1.000000000000000000e+00
4.003040388056433585e-08 1.000000000000000000e+00
4.171866763158504909e-08 1.000000000000000000e+00
5.982685280514488113e-08 9.999998807907104492e-01
5.138966940876343870e-08 1.000000000000000000e+00
7.744119301378304954e-08 9.999998807907104492e-01
5.067426300797706062e-08 1.000000000000000000e+00
7.085397868422660395e-08 9.999998807907104492e-01
8.090004399718964123e-08 9.999998807907104492e-01
3.863338449150433007e-08 1.000000000000000000e+00
4.354493654545876780e-08 1.000000000000000000e+00
7.318013217627594713e-08 9.999998807907104492e-01
3.827363670438899135e-08 1.000000000000000000e+00
1.669136366899692803e-07 9.999998807907104492e-01
5.324400831341336016e-08 1.000000000000000000e+00
5.214669585029696464e-08 1.000000000000000000e+00
4.154412991397293808e-08 1.000000000000000000e+00
6.882798686547175748e-08 9.999998807907104492e-01
3.044673135832454136e-08 1.000000000000000000e+00
5.508849554303196783e-08 1.000000000000000000e+00
4.643971607265484636e-08 1.000000000000000000e+00
3.816101568077101547e-08 1.000000000000000000e+00
2.134372500961490005e-08 1.000000000000000000e+00
6.342327907304934342e-08 9.999998807907104492e-01
4.105746498339613026e-08 1.000000000000000000e+00
6.958964604564243928e-08 9.999998807907104492e-01
3.072130994041799568e-08 1.000000000000000000e+00
2.230953199955365562e-08 1.000000000000000000e+00
2.353804795518499304e-08 1.000000000000000000e+00
2.580823377229535254e-08 1.000000000000000000e+00
6.287547904548773658e-08 9.999998807907104492e-01
3.597251918563415529e-08 1.000000000000000000e+00
5.094211630307654559e-08 1.000000000000000000e+00
1.241369602666964056e-07 9.999998807907104492e-01
5.829390659073396819e-08 1.000000000000000000e+00
5.229350819035971654e-08 1.000000000000000000e+00
3.538794146606960567e-08 1.000000000000000000e+00
3.949384108636877500e-08 1.000000000000000000e+00
4.533435671305596770e-08 1.000000000000000000e+00
4.993851376866587088e-08 1.000000000000000000e+00
4.110487239472604415e-08 1.000000000000000000e+00
3.977772067287332902e-08 1.000000000000000000e+00
1.025377471819410857e-07 9.999998807907104492e-01
5.120006107972585596e-08 1.000000000000000000e+00
3.615162924575088255e-08 1.000000000000000000e+00
3.618115584913539351e-08 1.000000000000000000e+00
4.721955448871995031e-08 1.000000000000000000e+00
3.144222660012019332e-08 1.000000000000000000e+00
6.024274057381262537e-08 9.999998807907104492e-01
4.475366566225602583e-08 1.000000000000000000e+00
2.949692756715194264e-08 1.000000000000000000e+00
2.869276016781441285e-08 1.000000000000000000e+00
2.617453453979123879e-08 1.000000000000000000e+00
5.697949134741975286e-08 1.000000000000000000e+00
4.811874276811067830e-08 1.000000000000000000e+00
4.694100042001991824e-08 1.000000000000000000e+00
6.566221344428413431e-08 9.999998807907104492e-01
3.669852688403807406e-08 1.000000000000000000e+00
3.511723889459972270e-08 1.000000000000000000e+00
5.392169200035823451e-08 1.000000000000000000e+00
2.599393589264309412e-08 1.000000000000000000e+00
3.280543126038537594e-08 1.000000000000000000e+00
4.521828955716955534e-08 1.000000000000000000e+00
3.051643915341628599e-08 1.000000000000000000e+00
6.034382238340185722e-08 9.999998807907104492e-01
3.726208674947883992e-08 1.000000000000000000e+00
3.717483920695485722e-08 1.000000000000000000e+00
4.049145729823067086e-08 1.000000000000000000e+00
3.987921104453562293e-08 1.000000000000000000e+00
3.698643169514070905e-08 1.000000000000000000e+00
4.237369921611389145e-08 1.000000000000000000e+00
3.732589348715009692e-08 1.000000000000000000e+00
4.435680267533825827e-08 1.000000000000000000e+00
7.827771497659341549e-08 9.999998807907104492e-01
2.420467026809092204e-08 1.000000000000000000e+00
3.619495814177753346e-08 1.000000000000000000e+00
2.673689003529489128e-08 1.000000000000000000e+00
3.373290624608671351e-08 1.000000000000000000e+00
2.699139400874628336e-08 1.000000000000000000e+00
3.161692774256152916e-08 1.000000000000000000e+00
3.662091430101099832e-08 1.000000000000000000e+00
4.735692016311077168e-08 1.000000000000000000e+00
3.702772133351572847e-08 1.000000000000000000e+00
3.392350578224068158e-08 1.000000000000000000e+00
2.714726754504681594e-08 1.000000000000000000e+00
2.995669490246655187e-08 1.000000000000000000e+00
2.727182213391188270e-08 1.000000000000000000e+00
4.039942069766766508e-08 1.000000000000000000e+00
8.869960055335468496e-08 9.999998807907104492e-01
3.658572822473615815e-08 1.000000000000000000e+00
6.134287389158998849e-08 9.999998807907104492e-01
5.201586716907513619e-08 1.000000000000000000e+00
5.326218399659410352e-08 1.000000000000000000e+00
4.112400731060006365e-08 1.000000000000000000e+00
2.802536691604018415e-08 1.000000000000000000e+00
4.161828570659054094e-08 1.000000000000000000e+00
3.391250658069111523e-08 1.000000000000000000e+00
6.504618710323484265e-08 9.999998807907104492e-01
5.930650814889304456e-08 1.000000000000000000e+00
8.685103836114649312e-08 9.999998807907104492e-01
6.618856929208050133e-08 9.999998807907104492e-01
2.977838420292755472e-08 1.000000000000000000e+00
4.289323030093328271e-08 1.000000000000000000e+00
3.627125266802977421e-08 1.000000000000000000e+00
1.873091406423554872e-07 9.999997615814208984e-01
1.179812869622764993e-07 9.999998807907104492e-01
7.933120116376812803e-08 9.999998807907104492e-01
1.780412901553063421e-07 9.999998807907104492e-01
6.372520289232852519e-08 9.999998807907104492e-01
7.199736273832968436e-08 9.999998807907104492e-01
7.199008678071550094e-08 9.999998807907104492e-01
4.954403109991289966e-08 1.000000000000000000e+00
1.420723094724962721e-07 9.999998807907104492e-01
7.794770340296963695e-08 9.999998807907104492e-01
6.710495625839030254e-08 9.999998807907104492e-01
3.479069476952645346e-08 1.000000000000000000e+00
5.868750108106723928e-08 1.000000000000000000e+00
2.887480832214350812e-08 1.000000000000000000e+00
2.510558694268638646e-08 1.000000000000000000e+00
2.403239030002168874e-08 1.000000000000000000e+00
2.997578363306274696e-08 1.000000000000000000e+00
1.018005377773079090e-07 9.999998807907104492e-01
8.194207623546390096e-08 9.999998807907104492e-01
3.155096095497356146e-08 1.000000000000000000e+00
3.340355902992087067e-08 1.000000000000000000e+00
1.037972978679135849e-07 9.999998807907104492e-01
6.622317272331201821e-08 9.999998807907104492e-01
6.595782053864240879e-08 9.999998807907104492e-01
6.820214792924161884e-08 9.999998807907104492e-01
5.227814980912626197e-08 1.000000000000000000e+00
3.253083491472352762e-08 1.000000000000000000e+00
3.420189997882516764e-08 1.000000000000000000e+00
2.590035030891613133e-08 1.000000000000000000e+00
2.095075224417541904e-08 1.000000000000000000e+00
2.699407097850325954e-08 1.000000000000000000e+00
4.679716170130632236e-08 1.000000000000000000e+00
3.212909405192476697e-08 1.000000000000000000e+00
3.623509314820694271e-08 1.000000000000000000e+00
2.706831558896283241e-08 1.000000000000000000e+00
3.992959562992837164e-08 1.000000000000000000e+00
4.462657443582429551e-08 1.000000000000000000e+00
3.917678270681790309e-08 1.000000000000000000e+00
7.844376881394055090e-08 9.999998807907104492e-01
3.730290387693457888e-08 1.000000000000000000e+00
5.884374587594720651e-08 1.000000000000000000e+00
5.570948147237686499e-08 1.000000000000000000e+00
5.891270049573904544e-08 1.000000000000000000e+00
3.769758194493988412e-08 1.000000000000000000e+00
3.934579950737315812e-08 1.000000000000000000e+00
4.406049924909893889e-08 1.000000000000000000e+00
4.024338196018106828e-08 1.000000000000000000e+00
7.564150195094043738e-08 9.999998807907104492e-01
5.765543775737569376e-08 1.000000000000000000e+00
6.608235736393908155e-08 9.999998807907104492e-01
4.640164164015914139e-08 1.000000000000000000e+00
1.835115170933931950e-07 9.999997615814208984e-01
4.982510404261120129e-08 1.000000000000000000e+00
1.050905567012705433e-07 9.999998807907104492e-01
4.546875587152499065e-08 1.000000000000000000e+00
3.658321645616524620e-08 1.000000000000000000e+00
4.047107182714171358e-08 1.000000000000000000e+00
8.072093748978659278e-08 9.999998807907104492e-01
5.870585795264560147e-08 1.000000000000000000e+00
5.031483141237913514e-08 1.000000000000000000e+00
1.307184760435120552e-07 9.999998807907104492e-01
1.168010896890336880e-07 9.999998807907104492e-01
3.548107585515936080e-08 1.000000000000000000e+00
3.200121057034266414e-08 1.000000000000000000e+00
2.669383469822150801e-08 1.000000000000000000e+00
3.084484490045724669e-08 1.000000000000000000e+00
2.587097114314929058e-08 1.000000000000000000e+00
2.435025159286396956e-08 1.000000000000000000e+00
3.911026169589604251e-08 1.000000000000000000e+00
3.950672677888178441e-08 1.000000000000000000e+00
4.248052221100806491e-08 1.000000000000000000e+00
3.018825012190973212e-08 1.000000000000000000e+00
3.070420362405457126e-08 1.000000000000000000e+00
3.916803947845437506e-08 1.000000000000000000e+00
3.179314234103003400e-08 1.000000000000000000e+00
3.107366097765407176e-08 1.000000000000000000e+00
3.641752144289966964e-08 1.000000000000000000e+00
4.103663897581100173e-08 1.000000000000000000e+00
2.560270218054938596e-08 1.000000000000000000e+00
3.682881555278072483e-08 1.000000000000000000e+00
2.973485280222121219e-08 1.000000000000000000e+00
4.205725900874313083e-08 1.000000000000000000e+00
2.801863274726201780e-08 1.000000000000000000e+00
4.155831589969238848e-08 1.000000000000000000e+00
5.392148594296486408e-08 1.000000000000000000e+00
6.047298484190832824e-08 9.999998807907104492e-01
7.110185862302387250e-08 9.999998807907104492e-01
3.387720681757855345e-08 1.000000000000000000e+00
6.579987399391029612e-08 9.999998807907104492e-01
3.814762550291561638e-08 1.000000000000000000e+00
3.939325665669457521e-08 1.000000000000000000e+00
5.868592722890753066e-08 1.000000000000000000e+00
4.801605868465230742e-08 1.000000000000000000e+00
4.210100001955652260e-08 1.000000000000000000e+00
4.627569794024566363e-08 1.000000000000000000e+00
9.890135288515011780e-08 9.999998807907104492e-01
3.535879855576240516e-08 1.000000000000000000e+00
3.643648938123078551e-08 1.000000000000000000e+00
8.246245641885252553e-08 9.999998807907104492e-01
5.331707342293157126e-08 1.000000000000000000e+00
4.436238754124133266e-08 1.000000000000000000e+00
2.558815381803469791e-08 1.000000000000000000e+00
3.224851141681028821e-08 1.000000000000000000e+00
3.148231186855809938e-08 1.000000000000000000e+00
4.066025027782416146e-08 1.000000000000000000e+00
3.539651771689023008e-08 1.000000000000000000e+00
3.370126577806331625e-08 1.000000000000000000e+00
3.543995674704092380e-08 1.000000000000000000e+00
2.559254674849853473e-08 1.000000000000000000e+00
1.032775216458503564e-07 9.999998807907104492e-01
5.366415933849566500e-08 1.000000000000000000e+00
4.042778911639288708e-08 1.000000000000000000e+00
5.065135866288983379e-08 1.000000000000000000e+00
5.594256791141560825e-08 1.000000000000000000e+00
6.251804762769097579e-08 9.999998807907104492e-01
1.275754897278602584e-07 9.999998807907104492e-01
7.226027065598827903e-08 9.999998807907104492e-01
4.048388646538114699e-08 1.000000000000000000e+00
5.882343501184550405e-08 1.000000000000000000e+00
2.458239691804919858e-07 9.999997615814208984e-01
3.628329281468722911e-08 1.000000000000000000e+00
4.559320032626601460e-08 1.000000000000000000e+00
3.464322873014680226e-08 1.000000000000000000e+00
4.890317129024879250e-08 1.000000000000000000e+00
4.727235847212796216e-08 1.000000000000000000e+00
3.948472837578265171e-08 1.000000000000000000e+00
3.730311703975530691e-08 1.000000000000000000e+00
5.193764707200898556e-08 1.000000000000000000e+00
4.402085096444352530e-08 1.000000000000000000e+00
5.579359552143614565e-08 1.000000000000000000e+00
3.464118236706781317e-08 1.000000000000000000e+00
3.145428451034604223e-08 1.000000000000000000e+00
2.379353070125489467e-08 1.000000000000000000e+00
5.378446488180088636e-08 1.000000000000000000e+00
5.478671383229993808e-08 1.000000000000000000e+00
1.335007340230731643e-07 9.999998807907104492e-01
4.381328366775960603e-08 1.000000000000000000e+00
4.531931452333992638e-08 1.000000000000000000e+00
2.746140204124003503e-08 1.000000000000000000e+00
2.219188921515069524e-08 1.000000000000000000e+00
2.162214940426565590e-08 1.000000000000000000e+00
3.030137563087009767e-08 1.000000000000000000e+00
2.882600114162414684e-08 1.000000000000000000e+00
2.289175071723548172e-08 1.000000000000000000e+00
3.958803773684849148e-08 1.000000000000000000e+00
4.297258016094929189e-08 1.000000000000000000e+00
5.636756839066947578e-08 1.000000000000000000e+00
6.087746129423976527e-08 9.999998807907104492e-01
5.352901411015409394e-08 1.000000000000000000e+00
5.068247688200244738e-08 1.000000000000000000e+00
4.782886264820263023e-08 1.000000000000000000e+00
2.288009426365533727e-08 1.000000000000000000e+00
4.285160670747245604e-08 1.000000000000000000e+00
4.906349460043202271e-08 1.000000000000000000e+00
4.419617738449233002e-08 1.000000000000000000e+00
6.843840338888185215e-08 9.999998807907104492e-01
4.972001121927860368e-08 1.000000000000000000e+00
4.353123372879963426e-08 1.000000000000000000e+00
4.535191422405659978e-08 1.000000000000000000e+00
3.386777436276133812e-08 1.000000000000000000e+00
9.240131504384407890e-08 9.999998807907104492e-01
4.903019146240694681e-08 1.000000000000000000e+00
7.956806058473375742e-08 9.999998807907104492e-01
5.917712897485216672e-08 1.000000000000000000e+00
5.645665623887907714e-08 1.000000000000000000e+00
3.352905153519714077e-08 1.000000000000000000e+00
4.890755533892843232e-08 1.000000000000000000e+00
2.754996231146833452e-08 1.000000000000000000e+00
7.102270416226019734e-08 9.999998807907104492e-01
3.064820930376299657e-08 1.000000000000000000e+00
2.955318478825574857e-08 1.000000000000000000e+00
1.177349133740790421e-07 9.999998807907104492e-01
4.439268863620782213e-08 1.000000000000000000e+00
3.715846474960926571e-08 1.000000000000000000e+00
4.906003070459519222e-08 1.000000000000000000e+00
5.571766692469282134e-08 1.000000000000000000e+00
6.181726774912021938e-08 9.999998807907104492e-01
1.427287799060650286e-07 9.999998807907104492e-01
7.265567347758405958e-08 9.999998807907104492e-01
2.966364753831385315e-08 1.000000000000000000e+00
4.193254810047619685e-08 1.000000000000000000e+00
